1.000000e+00	-1.345421e+02
2.000000e+00	-1.351705e+02
3.000000e+00	-1.357978e+02
4.000000e+00	-1.364241e+02
5.000000e+00	-1.370493e+02
6.000000e+00	-1.376735e+02
7.000000e+00	-1.382967e+02
8.000000e+00	-1.389189e+02
9.000000e+00	-1.395401e+02
1.000000e+01	-1.401603e+02
1.100000e+01	-1.407795e+02
1.200000e+01	-1.413977e+02
1.300000e+01	-1.420149e+02
1.400000e+01	-1.426311e+02
1.500000e+01	-1.432464e+02
1.600000e+01	-1.438607e+02
1.700000e+01	-1.444740e+02
1.800000e+01	-1.450864e+02
1.900000e+01	-1.456978e+02
2.000000e+01	-1.463082e+02
2.100000e+01	-1.469177e+02
2.200000e+01	-1.475263e+02
2.300000e+01	-1.481339e+02
2.400000e+01	-1.487406e+02
2.500000e+01	-1.493463e+02
2.600000e+01	-1.499512e+02
2.700000e+01	-1.505551e+02
2.800000e+01	-1.511581e+02
2.900000e+01	-1.517602e+02
3.000000e+01	-1.523614e+02
3.100000e+01	-1.529617e+02
3.200000e+01	-1.535611e+02
3.300000e+01	-1.541596e+02
3.400000e+01	-1.547573e+02
3.500000e+01	-1.553540e+02
3.600000e+01	-1.559499e+02
3.700000e+01	-1.565449e+02
3.800000e+01	-1.571391e+02
3.900000e+01	-1.577324e+02
4.000000e+01	-1.583248e+02
4.100000e+01	-1.589164e+02
4.200000e+01	-1.595071e+02
4.300000e+01	-1.600970e+02
4.400000e+01	-1.606861e+02
4.500000e+01	-1.612743e+02
4.600000e+01	-1.618617e+02
4.700000e+01	-1.624483e+02
4.800000e+01	-1.630341e+02
4.900000e+01	-1.636190e+02
5.000000e+01	-1.642032e+02
5.100000e+01	-1.647865e+02
5.200000e+01	-1.653691e+02
5.300000e+01	-1.659508e+02
5.400000e+01	-1.665318e+02
5.500000e+01	-1.671119e+02
5.600000e+01	-1.676913e+02
5.700000e+01	-1.682700e+02
5.800000e+01	-1.688478e+02
5.900000e+01	-1.694249e+02
6.000000e+01	-1.700012e+02
6.100000e+01	-1.705768e+02
6.200000e+01	-1.711516e+02
6.300000e+01	-1.717257e+02
6.400000e+01	-1.722990e+02
6.500000e+01	-1.728716e+02
6.600000e+01	-1.734434e+02
6.700000e+01	-1.740145e+02
6.800000e+01	-1.745849e+02
6.900000e+01	-1.751546e+02
7.000000e+01	-1.757236e+02
7.100000e+01	-1.762918e+02
7.200000e+01	-1.768594e+02
7.300000e+01	-1.774262e+02
7.400000e+01	-1.779923e+02
7.500000e+01	-1.785578e+02
7.600000e+01	-1.791225e+02
7.700000e+01	-1.796866e+02
7.800000e+01	-1.802500e+02
7.900000e+01	-1.808127e+02
8.000000e+01	-1.813748e+02
8.100000e+01	-1.819362e+02
8.200000e+01	-1.824969e+02
8.300000e+01	-1.830569e+02
8.400000e+01	-1.836164e+02
8.500000e+01	-1.841751e+02
8.600000e+01	-1.847332e+02
8.700000e+01	-1.852907e+02
8.800000e+01	-1.858476e+02
8.900000e+01	-1.864038e+02
9.000000e+01	-1.869593e+02
9.100000e+01	-1.875143e+02
9.200000e+01	-1.880686e+02
9.300000e+01	-1.886224e+02
9.400000e+01	-1.891755e+02
9.500000e+01	-1.897280e+02
9.600000e+01	-1.902799e+02
9.700000e+01	-1.908312e+02
9.800000e+01	-1.913820e+02
9.900000e+01	-1.919321e+02
1.000000e+02	-1.924817e+02
1.010000e+02	-1.930306e+02
1.020000e+02	-1.935790e+02
1.030000e+02	-1.941269e+02
1.040000e+02	-1.946741e+02
1.050000e+02	-1.952208e+02
1.060000e+02	-1.957670e+02
1.070000e+02	-1.963126e+02
1.080000e+02	-1.968576e+02
1.090000e+02	-1.974021e+02
1.100000e+02	-1.979460e+02
1.110000e+02	-1.984895e+02
1.120000e+02	-1.990324e+02
1.130000e+02	-1.995747e+02
1.140000e+02	-2.001165e+02
1.150000e+02	-2.006579e+02
1.160000e+02	-2.011987e+02
1.170000e+02	-2.017389e+02
1.180000e+02	-2.022787e+02
1.190000e+02	-2.028180e+02
1.200000e+02	-2.033568e+02
1.210000e+02	-2.038951e+02
1.220000e+02	-2.044329e+02
1.230000e+02	-2.049702e+02
1.240000e+02	-2.055070e+02
1.250000e+02	-2.060433e+02
1.260000e+02	-2.065792e+02
1.270000e+02	-2.071146e+02
1.280000e+02	-2.076496e+02
1.290000e+02	-2.081840e+02
1.300000e+02	-2.087181e+02
1.310000e+02	-2.092516e+02
1.320000e+02	-2.097847e+02
1.330000e+02	-2.103174e+02
1.340000e+02	-2.108496e+02
1.350000e+02	-2.113814e+02
1.360000e+02	-2.119128e+02
1.370000e+02	-2.124437e+02
1.380000e+02	-2.129742e+02
1.390000e+02	-2.135043e+02
1.400000e+02	-2.140340e+02
1.410000e+02	-2.145633e+02
1.420000e+02	-2.150921e+02
1.430000e+02	-2.156205e+02
1.440000e+02	-2.161486e+02
1.450000e+02	-2.166762e+02
1.460000e+02	-2.172035e+02
1.470000e+02	-2.177303e+02
1.480000e+02	-2.182568e+02
1.490000e+02	-2.187829e+02
1.500000e+02	-2.193086e+02
1.510000e+02	-2.198340e+02
1.520000e+02	-2.203590e+02
1.530000e+02	-2.208836e+02
1.540000e+02	-2.214078e+02
1.550000e+02	-2.219317e+02
1.560000e+02	-2.224553e+02
1.570000e+02	-2.229785e+02
1.580000e+02	-2.235013e+02
1.590000e+02	-2.240238e+02
1.600000e+02	-2.245460e+02
1.610000e+02	-2.250678e+02
1.620000e+02	-2.255893e+02
1.630000e+02	-2.261105e+02
1.640000e+02	-2.266314e+02
1.650000e+02	-2.271519e+02
1.660000e+02	-2.276721e+02
1.670000e+02	-2.281920e+02
1.680000e+02	-2.287116e+02
1.690000e+02	-2.292309e+02
1.700000e+02	-2.297499e+02
1.710000e+02	-2.302686e+02
1.720000e+02	-2.307871e+02
1.730000e+02	-2.313052e+02
1.740000e+02	-2.318230e+02
1.750000e+02	-2.323406e+02
1.760000e+02	-2.328579e+02
1.770000e+02	-2.333749e+02
1.780000e+02	-2.338917e+02
1.790000e+02	-2.344081e+02
1.800000e+02	-2.349244e+02
1.810000e+02	-2.354403e+02
1.820000e+02	-2.359561e+02
1.830000e+02	-2.364715e+02
1.840000e+02	-2.369867e+02
1.850000e+02	-2.375017e+02
1.860000e+02	-2.380164e+02
1.870000e+02	-2.385309e+02
1.880000e+02	-2.390452e+02
1.890000e+02	-2.395593e+02
1.900000e+02	-2.400731e+02
1.910000e+02	-2.405867e+02
1.920000e+02	-2.411001e+02
1.930000e+02	-2.416132e+02
1.940000e+02	-2.421262e+02
1.950000e+02	-2.426389e+02
1.960000e+02	-2.431515e+02
1.970000e+02	-2.436639e+02
1.980000e+02	-2.441760e+02
1.990000e+02	-2.446880e+02
2.000000e+02	-2.451998e+02
2.010000e+02	-2.457114e+02
2.020000e+02	-2.462228e+02
2.030000e+02	-2.467340e+02
2.040000e+02	-2.472451e+02
2.050000e+02	-2.477560e+02
2.060000e+02	-2.482668e+02
2.070000e+02	-2.487773e+02
2.080000e+02	-2.492877e+02
2.090000e+02	-2.497980e+02
2.100000e+02	-2.503081e+02
2.110000e+02	-2.508181e+02
2.120000e+02	-2.513279e+02
2.130000e+02	-2.518376e+02
2.140000e+02	-2.523471e+02
2.150000e+02	-2.528566e+02
2.160000e+02	-2.533658e+02
2.170000e+02	-2.538750e+02
2.180000e+02	-2.543840e+02
2.190000e+02	-2.548930e+02
2.200000e+02	-2.554018e+02
2.210000e+02	-2.559105e+02
2.220000e+02	-2.564190e+02
2.230000e+02	-2.569275e+02
2.240000e+02	-2.574359e+02
2.250000e+02	-2.579442e+02
2.260000e+02	-2.584523e+02
2.270000e+02	-2.589604e+02
2.280000e+02	-2.594684e+02
2.290000e+02	-2.599764e+02
2.300000e+02	-2.604842e+02
2.310000e+02	-2.609920e+02
2.320000e+02	-2.614997e+02
2.330000e+02	-2.620073e+02
2.340000e+02	-2.625148e+02
2.350000e+02	-2.630223e+02
2.360000e+02	-2.635298e+02
2.370000e+02	-2.640371e+02
2.380000e+02	-2.645445e+02
2.390000e+02	-2.650517e+02
2.400000e+02	-2.655590e+02
2.410000e+02	-2.660662e+02
2.420000e+02	-2.665733e+02
2.430000e+02	-2.670804e+02
2.440000e+02	-2.675875e+02
2.450000e+02	-2.680945e+02
2.460000e+02	-2.686016e+02
2.470000e+02	-2.691086e+02
2.480000e+02	-2.696155e+02
2.490000e+02	-2.701225e+02
2.500000e+02	-2.706295e+02
2.510000e+02	-2.711364e+02
2.520000e+02	-2.716434e+02
2.530000e+02	-2.721503e+02
2.540000e+02	-2.726572e+02
2.550000e+02	-2.731642e+02
2.560000e+02	-2.736711e+02
2.570000e+02	-2.741781e+02
2.580000e+02	-2.746851e+02
2.590000e+02	-2.751921e+02
2.600000e+02	-2.756991e+02
2.610000e+02	-2.762061e+02
2.620000e+02	-2.767132e+02
2.630000e+02	-2.772203e+02
2.640000e+02	-2.777274e+02
2.650000e+02	-2.782346e+02
2.660000e+02	-2.787418e+02
2.670000e+02	-2.792491e+02
2.680000e+02	-2.797564e+02
2.690000e+02	-2.802637e+02
2.700000e+02	-2.807711e+02
2.710000e+02	-2.812786e+02
2.720000e+02	-2.817861e+02
2.730000e+02	-2.822937e+02
2.740000e+02	-2.828014e+02
2.750000e+02	-2.833091e+02
2.760000e+02	-2.838169e+02
2.770000e+02	-2.843248e+02
2.780000e+02	-2.848327e+02
2.790000e+02	-2.853408e+02
2.800000e+02	-2.858489e+02
2.810000e+02	-2.863571e+02
2.820000e+02	-2.868654e+02
2.830000e+02	-2.873738e+02
2.840000e+02	-2.878823e+02
2.850000e+02	-2.883909e+02
2.860000e+02	-2.888996e+02
2.870000e+02	-2.894084e+02
2.880000e+02	-2.899173e+02
2.890000e+02	-2.904264e+02
2.900000e+02	-2.909355e+02
2.910000e+02	-2.914448e+02
2.920000e+02	-2.919542e+02
2.930000e+02	-2.924637e+02
2.940000e+02	-2.929734e+02
2.950000e+02	-2.934832e+02
2.960000e+02	-2.939931e+02
2.970000e+02	-2.945032e+02
2.980000e+02	-2.950134e+02
2.990000e+02	-2.955238e+02
3.000000e+02	-2.960343e+02
3.010000e+02	-2.965449e+02
3.020000e+02	-2.970557e+02
3.030000e+02	-2.975667e+02
3.040000e+02	-2.980778e+02
3.050000e+02	-2.985891e+02
3.060000e+02	-2.991006e+02
3.070000e+02	-2.996122e+02
3.080000e+02	-3.001240e+02
3.090000e+02	-3.006360e+02
3.100000e+02	-3.011481e+02
3.110000e+02	-3.016605e+02
3.120000e+02	-3.021730e+02
3.130000e+02	-3.026857e+02
3.140000e+02	-3.031986e+02
3.150000e+02	-3.037117e+02
3.160000e+02	-3.042250e+02
3.170000e+02	-3.047385e+02
3.180000e+02	-3.052522e+02
3.190000e+02	-3.057661e+02
3.200000e+02	-3.062803e+02
3.210000e+02	-3.067946e+02
3.220000e+02	-3.073091e+02
3.230000e+02	-3.078239e+02
3.240000e+02	-3.083389e+02
3.250000e+02	-3.088541e+02
3.260000e+02	-3.093695e+02
3.270000e+02	-3.098852e+02
3.280000e+02	-3.104011e+02
3.290000e+02	-3.109172e+02
3.300000e+02	-3.114336e+02
3.310000e+02	-3.119502e+02
3.320000e+02	-3.124671e+02
3.330000e+02	-3.129842e+02
3.340000e+02	-3.135016e+02
3.350000e+02	-3.140192e+02
3.360000e+02	-3.145370e+02
3.370000e+02	-3.150552e+02
3.380000e+02	-3.155736e+02
3.390000e+02	-3.160922e+02
3.400000e+02	-3.166111e+02
3.410000e+02	-3.171303e+02
3.420000e+02	-3.176498e+02
3.430000e+02	-3.181695e+02
3.440000e+02	-3.186896e+02
3.450000e+02	-3.192099e+02
3.460000e+02	-3.197305e+02
3.470000e+02	-3.202513e+02
3.480000e+02	-3.207725e+02
3.490000e+02	-3.212940e+02
3.500000e+02	-3.218157e+02
3.510000e+02	-3.223378e+02
3.520000e+02	-3.228602e+02
3.530000e+02	-3.233828e+02
3.540000e+02	-3.239058e+02
3.550000e+02	-3.244291e+02
3.560000e+02	-3.249527e+02
3.570000e+02	-3.254766e+02
3.580000e+02	-3.260009e+02
3.590000e+02	-3.265254e+02
3.600000e+02	-3.270503e+02
3.610000e+02	-3.275755e+02
3.620000e+02	-3.281011e+02
3.630000e+02	-3.286269e+02
3.640000e+02	-3.291531e+02
3.650000e+02	-3.296797e+02
3.660000e+02	-3.302066e+02
3.670000e+02	-3.307338e+02
3.680000e+02	-3.312614e+02
3.690000e+02	-3.317893e+02
3.700000e+02	-3.323176e+02
3.710000e+02	-3.328463e+02
3.720000e+02	-3.333752e+02
3.730000e+02	-3.339046e+02
3.740000e+02	-3.344343e+02
3.750000e+02	-3.349644e+02
3.760000e+02	-3.354949e+02
3.770000e+02	-3.360257e+02
3.780000e+02	-3.365569e+02
3.790000e+02	-3.370885e+02
3.800000e+02	-3.376204e+02
3.810000e+02	-3.381528e+02
3.820000e+02	-3.386855e+02
3.830000e+02	-3.392186e+02
3.840000e+02	-3.397521e+02
3.850000e+02	-3.402860e+02
3.860000e+02	-3.408203e+02
3.870000e+02	-3.413550e+02
3.880000e+02	-3.418901e+02
3.890000e+02	-3.424256e+02
3.900000e+02	-3.429615e+02
3.910000e+02	-3.434978e+02
3.920000e+02	-3.440345e+02
3.930000e+02	-3.445717e+02
3.940000e+02	-3.451092e+02
3.950000e+02	-3.456472e+02
3.960000e+02	-3.461856e+02
3.970000e+02	-3.467244e+02
3.980000e+02	-3.472637e+02
3.990000e+02	-3.478033e+02
4.000000e+02	-3.483435e+02
4.010000e+02	-3.488840e+02
4.020000e+02	-3.494250e+02
4.030000e+02	-3.499664e+02
4.040000e+02	-3.505083e+02
4.050000e+02	-3.510506e+02
4.060000e+02	-3.515934e+02
4.070000e+02	-3.521366e+02
4.080000e+02	-3.526803e+02
4.090000e+02	-3.532244e+02
4.100000e+02	-3.537690e+02
4.110000e+02	-3.543140e+02
4.120000e+02	-3.548595e+02
4.130000e+02	-3.554055e+02
4.140000e+02	-3.559519e+02
4.150000e+02	-3.564988e+02
4.160000e+02	-3.570462e+02
4.170000e+02	-3.575941e+02
4.180000e+02	-3.581424e+02
4.190000e+02	-3.586913e+02
4.200000e+02	-3.592406e+02
4.210000e+02	-3.597904e+02
4.220000e+02	-3.603407e+02
4.230000e+02	-3.608914e+02
4.240000e+02	-3.614427e+02
4.250000e+02	-3.619945e+02
4.260000e+02	-3.625468e+02
4.270000e+02	-3.630995e+02
4.280000e+02	-3.636528e+02
4.290000e+02	-3.642066e+02
4.300000e+02	-3.647609e+02
4.310000e+02	-3.653157e+02
4.320000e+02	-3.658710e+02
4.330000e+02	-3.664268e+02
4.340000e+02	-3.669832e+02
4.350000e+02	-3.675400e+02
4.360000e+02	-3.680974e+02
4.370000e+02	-3.686554e+02
4.380000e+02	-3.692138e+02
4.390000e+02	-3.697728e+02
4.400000e+02	-3.703323e+02
4.410000e+02	-3.708924e+02
4.420000e+02	-3.714530e+02
4.430000e+02	-3.720141e+02
4.440000e+02	-3.725758e+02
4.450000e+02	-3.731380e+02
4.460000e+02	-3.737008e+02
4.470000e+02	-3.742641e+02
4.480000e+02	-3.748280e+02
4.490000e+02	-3.753924e+02
4.500000e+02	-3.759574e+02
4.510000e+02	-3.765229e+02
4.520000e+02	-3.770891e+02
4.530000e+02	-3.776557e+02
4.540000e+02	-3.782230e+02
4.550000e+02	-3.787908e+02
4.560000e+02	-3.793592e+02
4.570000e+02	-3.799281e+02
4.580000e+02	-3.804977e+02
4.590000e+02	-3.810678e+02
4.600000e+02	-3.816385e+02
4.610000e+02	-3.822098e+02
4.620000e+02	-3.827817e+02
4.630000e+02	-3.833541e+02
4.640000e+02	-3.839272e+02
4.650000e+02	-3.845008e+02
4.660000e+02	-3.850751e+02
4.670000e+02	-3.856499e+02
4.680000e+02	-3.862253e+02
4.690000e+02	-3.868014e+02
4.700000e+02	-3.873780e+02
4.710000e+02	-3.879553e+02
4.720000e+02	-3.885332e+02
4.730000e+02	-3.891116e+02
4.740000e+02	-3.896907e+02
4.750000e+02	-3.902704e+02
4.760000e+02	-3.908508e+02
4.770000e+02	-3.914317e+02
4.780000e+02	-3.920133e+02
4.790000e+02	-3.925955e+02
4.800000e+02	-3.931783e+02
4.810000e+02	-3.937618e+02
4.820000e+02	-3.943459e+02
4.830000e+02	-3.949306e+02
4.840000e+02	-3.955160e+02
4.850000e+02	-3.961020e+02
4.860000e+02	-3.966886e+02
4.870000e+02	-3.972759e+02
4.880000e+02	-3.978638e+02
4.890000e+02	-3.984524e+02
4.900000e+02	-3.990417e+02
4.910000e+02	-3.996316e+02
4.920000e+02	-4.002221e+02
4.930000e+02	-4.008133e+02
4.940000e+02	-4.014052e+02
4.950000e+02	-4.019977e+02
4.960000e+02	-4.025909e+02
4.970000e+02	-4.031847e+02
4.980000e+02	-4.037793e+02
4.990000e+02	-4.043745e+02
5.000000e+02	-4.049703e+02
5.010000e+02	-4.055669e+02
5.020000e+02	-4.061641e+02
5.030000e+02	-4.067620e+02
5.040000e+02	-4.073606e+02
5.050000e+02	-4.079599e+02
5.060000e+02	-4.085598e+02
5.070000e+02	-4.091605e+02
5.080000e+02	-4.097618e+02
5.090000e+02	-4.103638e+02
5.100000e+02	-4.109666e+02
5.110000e+02	-4.115700e+02
5.120000e+02	-4.121741e+02
5.130000e+02	-4.127789e+02
5.140000e+02	-4.133844e+02
5.150000e+02	-4.139907e+02
5.160000e+02	-4.145976e+02
5.170000e+02	-4.152053e+02
5.180000e+02	-4.158136e+02
5.190000e+02	-4.164227e+02
5.200000e+02	-4.170325e+02
5.210000e+02	-4.176430e+02
5.220000e+02	-4.182543e+02
5.230000e+02	-4.188662e+02
5.240000e+02	-4.194789e+02
5.250000e+02	-4.200923e+02
5.260000e+02	-4.207065e+02
5.270000e+02	-4.213213e+02
5.280000e+02	-4.219369e+02
5.290000e+02	-4.225533e+02
5.300000e+02	-4.231704e+02
5.310000e+02	-4.237882e+02
5.320000e+02	-4.244067e+02
5.330000e+02	-4.250260e+02
5.340000e+02	-4.256461e+02
5.350000e+02	-4.262669e+02
5.360000e+02	-4.268884e+02
5.370000e+02	-4.275107e+02
5.380000e+02	-4.281338e+02
5.390000e+02	-4.287576e+02
5.400000e+02	-4.293822e+02
5.410000e+02	-4.300075e+02
5.420000e+02	-4.306336e+02
5.430000e+02	-4.312605e+02
5.440000e+02	-4.318881e+02
5.450000e+02	-4.325165e+02
5.460000e+02	-4.331457e+02
5.470000e+02	-4.337756e+02
5.480000e+02	-4.344064e+02
5.490000e+02	-4.350379e+02
5.500000e+02	-4.356701e+02
5.510000e+02	-4.363032e+02
5.520000e+02	-4.369370e+02
5.530000e+02	-4.375716e+02
5.540000e+02	-4.382071e+02
5.550000e+02	-4.388433e+02
5.560000e+02	-4.394803e+02
5.570000e+02	-4.401180e+02
5.580000e+02	-4.407566e+02
5.590000e+02	-4.413960e+02
5.600000e+02	-4.420362e+02
5.610000e+02	-4.426772e+02
5.620000e+02	-4.433190e+02
5.630000e+02	-4.439615e+02
5.640000e+02	-4.446049e+02
5.650000e+02	-4.452492e+02
5.660000e+02	-4.458942e+02
5.670000e+02	-4.465400e+02
5.680000e+02	-4.471867e+02
5.690000e+02	-4.478341e+02
5.700000e+02	-4.484824e+02
5.710000e+02	-4.491315e+02
5.720000e+02	-4.497814e+02
5.730000e+02	-4.504322e+02
5.740000e+02	-4.510838e+02
5.750000e+02	-4.517362e+02
5.760000e+02	-4.523894e+02
5.770000e+02	-4.530435e+02
5.780000e+02	-4.536984e+02
5.790000e+02	-4.543542e+02
5.800000e+02	-4.550107e+02
5.810000e+02	-4.556682e+02
5.820000e+02	-4.563264e+02
5.830000e+02	-4.569855e+02
5.840000e+02	-4.576455e+02
5.850000e+02	-4.583063e+02
5.860000e+02	-4.589680e+02
5.870000e+02	-4.596305e+02
5.880000e+02	-4.602939e+02
5.890000e+02	-4.609581e+02
5.900000e+02	-4.616232e+02
5.910000e+02	-4.622891e+02
5.920000e+02	-4.629559e+02
5.930000e+02	-4.636236e+02
5.940000e+02	-4.642921e+02
5.950000e+02	-4.649615e+02
5.960000e+02	-4.656318e+02
5.970000e+02	-4.663029e+02
5.980000e+02	-4.669749e+02
5.990000e+02	-4.676478e+02
6.000000e+02	-4.683216e+02
6.010000e+02	-4.689962e+02
6.020000e+02	-4.696717e+02
6.030000e+02	-4.703481e+02
6.040000e+02	-4.710254e+02
6.050000e+02	-4.717036e+02
6.060000e+02	-4.723827e+02
6.070000e+02	-4.730626e+02
6.080000e+02	-4.737435e+02
6.090000e+02	-4.744252e+02
6.100000e+02	-4.751078e+02
6.110000e+02	-4.757914e+02
6.120000e+02	-4.764758e+02
6.130000e+02	-4.771611e+02
6.140000e+02	-4.778474e+02
6.150000e+02	-4.785345e+02
6.160000e+02	-4.792226e+02
6.170000e+02	-4.799115e+02
6.180000e+02	-4.806014e+02
6.190000e+02	-4.812921e+02
6.200000e+02	-4.819838e+02
6.210000e+02	-4.826764e+02
6.220000e+02	-4.833700e+02
6.230000e+02	-4.840644e+02
6.240000e+02	-4.847598e+02
6.250000e+02	-4.854561e+02
6.260000e+02	-4.861533e+02
6.270000e+02	-4.868514e+02
6.280000e+02	-4.875505e+02
6.290000e+02	-4.882505e+02
6.300000e+02	-4.889514e+02
6.310000e+02	-4.896532e+02
6.320000e+02	-4.903560e+02
6.330000e+02	-4.910598e+02
6.340000e+02	-4.917644e+02
6.350000e+02	-4.924701e+02
6.360000e+02	-4.931766e+02
6.370000e+02	-4.938841e+02
6.380000e+02	-4.945925e+02
6.390000e+02	-4.953019e+02
6.400000e+02	-4.960123e+02
6.410000e+02	-4.967236e+02
6.420000e+02	-4.974358e+02
6.430000e+02	-4.981490e+02
6.440000e+02	-4.988632e+02
6.450000e+02	-4.995783e+02
6.460000e+02	-5.002944e+02
6.470000e+02	-5.010114e+02
6.480000e+02	-5.017294e+02
6.490000e+02	-5.024483e+02
6.500000e+02	-5.031683e+02
6.510000e+02	-5.038892e+02
6.520000e+02	-5.046110e+02
6.530000e+02	-5.053339e+02
6.540000e+02	-5.060577e+02
6.550000e+02	-5.067825e+02
6.560000e+02	-5.075082e+02
6.570000e+02	-5.082350e+02
6.580000e+02	-5.089627e+02
6.590000e+02	-5.096914e+02
6.600000e+02	-5.104211e+02
6.610000e+02	-5.111518e+02
6.620000e+02	-5.118834e+02
6.630000e+02	-5.126161e+02
6.640000e+02	-5.133497e+02
6.650000e+02	-5.140844e+02
6.660000e+02	-5.148200e+02
6.670000e+02	-5.155566e+02
6.680000e+02	-5.162942e+02
6.690000e+02	-5.170329e+02
6.700000e+02	-5.177725e+02
6.710000e+02	-5.185131e+02
6.720000e+02	-5.192547e+02
6.730000e+02	-5.199973e+02
6.740000e+02	-5.207410e+02
6.750000e+02	-5.214856e+02
6.760000e+02	-5.222313e+02
6.770000e+02	-5.229780e+02
6.780000e+02	-5.237256e+02
6.790000e+02	-5.244743e+02
6.800000e+02	-5.252241e+02
6.810000e+02	-5.259748e+02
6.820000e+02	-5.267265e+02
6.830000e+02	-5.274793e+02
6.840000e+02	-5.282331e+02
6.850000e+02	-5.289879e+02
6.860000e+02	-5.297438e+02
6.870000e+02	-5.305007e+02
6.880000e+02	-5.312586e+02
6.890000e+02	-5.320175e+02
6.900000e+02	-5.327775e+02
6.910000e+02	-5.335385e+02
6.920000e+02	-5.343006e+02
6.930000e+02	-5.350637e+02
6.940000e+02	-5.358278e+02
6.950000e+02	-5.365929e+02
6.960000e+02	-5.373592e+02
6.970000e+02	-5.381264e+02
6.980000e+02	-5.388947e+02
6.990000e+02	-5.396640e+02
7.000000e+02	-5.404344e+02
7.010000e+02	-5.412059e+02
7.020000e+02	-5.419784e+02
7.030000e+02	-5.427519e+02
7.040000e+02	-5.435266e+02
7.050000e+02	-5.443022e+02
7.060000e+02	-5.450789e+02
7.070000e+02	-5.458567e+02
7.080000e+02	-5.466356e+02
7.090000e+02	-5.474155e+02
7.100000e+02	-5.481965e+02
7.110000e+02	-5.489785e+02
7.120000e+02	-5.497616e+02
7.130000e+02	-5.505458e+02
7.140000e+02	-5.513310e+02
7.150000e+02	-5.521174e+02
7.160000e+02	-5.529048e+02
7.170000e+02	-5.536932e+02
7.180000e+02	-5.544828e+02
7.190000e+02	-5.552734e+02
7.200000e+02	-5.560651e+02
7.210000e+02	-5.568579e+02
7.220000e+02	-5.576518e+02
7.230000e+02	-5.584468e+02
7.240000e+02	-5.592428e+02
7.250000e+02	-5.600399e+02
7.260000e+02	-5.608382e+02
7.270000e+02	-5.616375e+02
7.280000e+02	-5.624379e+02
7.290000e+02	-5.632394e+02
7.300000e+02	-5.640420e+02
7.310000e+02	-5.648457e+02
7.320000e+02	-5.656505e+02
7.330000e+02	-5.664564e+02
7.340000e+02	-5.672634e+02
7.350000e+02	-5.680715e+02
7.360000e+02	-5.688807e+02
7.370000e+02	-5.696910e+02
7.380000e+02	-5.705024e+02
7.390000e+02	-5.713149e+02
7.400000e+02	-5.721286e+02
7.410000e+02	-5.729433e+02
7.420000e+02	-5.737592e+02
7.430000e+02	-5.745761e+02
7.440000e+02	-5.753942e+02
7.450000e+02	-5.762134e+02
7.460000e+02	-5.770338e+02
7.470000e+02	-5.778552e+02
7.480000e+02	-5.786778e+02
7.490000e+02	-5.795015e+02
7.500000e+02	-5.803263e+02
7.510000e+02	-5.811523e+02
7.520000e+02	-5.819794e+02
7.530000e+02	-5.828076e+02
7.540000e+02	-5.836369e+02
7.550000e+02	-5.844674e+02
7.560000e+02	-5.852990e+02
7.570000e+02	-5.861319e+02
7.580000e+02	-5.869663e+02
7.590000e+02	-5.878036e+02
7.600000e+02	-5.886489e+02
7.610000e+02	-5.895227e+02
7.620000e+02	-5.905072e+02
7.630000e+02	-5.919323e+02
7.640000e+02	-5.933661e+02
7.650000e+02	-5.948084e+02
7.660000e+02	-5.962585e+02
7.670000e+02	-5.977162e+02
7.680000e+02	-5.991811e+02
7.690000e+02	-6.006527e+02
7.700000e+02	-6.021308e+02
7.710000e+02	-6.036150e+02
7.720000e+02	-6.051051e+02
7.730000e+02	-6.066008e+02
7.740000e+02	-6.081019e+02
7.750000e+02	-6.096082e+02
7.760000e+02	-6.111193e+02
7.770000e+02	-6.126352e+02
7.780000e+02	-6.141556e+02
7.790000e+02	-6.156804e+02
7.800000e+02	-6.172093e+02
7.810000e+02	-6.187423e+02
7.820000e+02	-6.202793e+02
7.830000e+02	-6.218200e+02
7.840000e+02	-6.233644e+02
7.850000e+02	-6.249123e+02
7.860000e+02	-6.264636e+02
7.870000e+02	-6.280183e+02
7.880000e+02	-6.295763e+02
7.890000e+02	-6.311374e+02
7.900000e+02	-6.327016e+02
7.910000e+02	-6.342688e+02
7.920000e+02	-6.358389e+02
7.930000e+02	-6.374120e+02
7.940000e+02	-6.389878e+02
7.950000e+02	-6.405664e+02
7.960000e+02	-6.421477e+02
7.970000e+02	-6.437317e+02
7.980000e+02	-6.453183e+02
7.990000e+02	-6.469075e+02
8.000000e+02	-6.484992e+02
8.010000e+02	-6.500934e+02
8.020000e+02	-6.516900e+02
8.030000e+02	-6.532891e+02
8.040000e+02	-6.548906e+02
8.050000e+02	-6.564945e+02
8.060000e+02	-6.581007e+02
8.070000e+02	-6.597093e+02
8.080000e+02	-6.613201e+02
8.090000e+02	-6.629332e+02
8.100000e+02	-6.645486e+02
8.110000e+02	-6.661663e+02
8.120000e+02	-6.677862e+02
8.130000e+02	-6.694083e+02
8.140000e+02	-6.710325e+02
8.150000e+02	-6.726590e+02
8.160000e+02	-6.742876e+02
8.170000e+02	-6.759185e+02
8.180000e+02	-6.775514e+02
8.190000e+02	-6.791865e+02
8.200000e+02	-6.808237e+02
8.210000e+02	-6.824631e+02
8.220000e+02	-6.841045e+02
8.230000e+02	-6.857481e+02
8.240000e+02	-6.873937e+02
8.250000e+02	-6.890415e+02
8.260000e+02	-6.906913e+02
8.270000e+02	-6.923432e+02
8.280000e+02	-6.939972e+02
8.290000e+02	-6.956533e+02
8.300000e+02	-6.973114e+02
8.310000e+02	-6.989715e+02
8.320000e+02	-7.006338e+02
8.330000e+02	-7.022980e+02
8.340000e+02	-7.039644e+02
8.350000e+02	-7.056327e+02
8.360000e+02	-7.073032e+02
8.370000e+02	-7.089756e+02
8.380000e+02	-7.106501e+02
8.390000e+02	-7.123266e+02
8.400000e+02	-7.140051e+02
8.410000e+02	-7.156857e+02
8.420000e+02	-7.173683e+02
8.430000e+02	-7.190529e+02
8.440000e+02	-7.207396e+02
8.450000e+02	-7.224283e+02
8.460000e+02	-7.241189e+02
8.470000e+02	-7.258116e+02
8.480000e+02	-7.275064e+02
8.490000e+02	-7.292031e+02
8.500000e+02	-7.309018e+02
8.510000e+02	-7.326026e+02
8.520000e+02	-7.343053e+02
8.530000e+02	-7.360101e+02
8.540000e+02	-7.377169e+02
8.550000e+02	-7.394257e+02
8.560000e+02	-7.411365e+02
8.570000e+02	-7.428493e+02
8.580000e+02	-7.445641e+02
8.590000e+02	-7.462809e+02
8.600000e+02	-7.479997e+02
8.610000e+02	-7.497205e+02
8.620000e+02	-7.514433e+02
8.630000e+02	-7.531681e+02
8.640000e+02	-7.548949e+02
8.650000e+02	-7.566237e+02
8.660000e+02	-7.583544e+02
8.670000e+02	-7.600872e+02
8.680000e+02	-7.618220e+02
8.690000e+02	-7.635588e+02
8.700000e+02	-7.652975e+02
8.710000e+02	-7.670383e+02
8.720000e+02	-7.687810e+02
8.730000e+02	-7.705257e+02
8.740000e+02	-7.722725e+02
8.750000e+02	-7.740211e+02
8.760000e+02	-7.757718e+02
8.770000e+02	-7.775245e+02
8.780000e+02	-7.792791e+02
8.790000e+02	-7.810357e+02
8.800000e+02	-7.827943e+02
8.810000e+02	-7.845549e+02
8.820000e+02	-7.863174e+02
8.830000e+02	-7.880819e+02
8.840000e+02	-7.898484e+02
8.850000e+02	-7.916168e+02
8.860000e+02	-7.933872e+02
8.870000e+02	-7.951596e+02
8.880000e+02	-7.969339e+02
8.890000e+02	-7.987102e+02
8.900000e+02	-8.004884e+02
8.910000e+02	-8.022685e+02
8.920000e+02	-8.040506e+02
8.930000e+02	-8.058346e+02
8.940000e+02	-8.076206e+02
8.950000e+02	-8.094085e+02
8.960000e+02	-8.111983e+02
8.970000e+02	-8.129900e+02
8.980000e+02	-8.147836e+02
8.990000e+02	-8.165791e+02
9.000000e+02	-8.183765e+02
9.010000e+02	-8.201758e+02
9.020000e+02	-8.219770e+02
9.030000e+02	-8.237801e+02
9.040000e+02	-8.255850e+02
9.050000e+02	-8.273917e+02
9.060000e+02	-8.292003e+02
9.070000e+02	-8.310107e+02
9.080000e+02	-8.328229e+02
9.090000e+02	-8.346369e+02
9.100000e+02	-8.364527e+02
9.110000e+02	-8.382703e+02
9.120000e+02	-8.400896e+02
9.130000e+02	-8.419106e+02
9.140000e+02	-8.437333e+02
9.150000e+02	-8.455578e+02
9.160000e+02	-8.473839e+02
9.170000e+02	-8.492116e+02
9.180000e+02	-8.510410e+02
9.190000e+02	-8.528719e+02
9.200000e+02	-8.547044e+02
9.210000e+02	-8.565384e+02
9.220000e+02	-8.583739e+02
9.230000e+02	-8.602109e+02
9.240000e+02	-8.620493e+02
9.250000e+02	-8.638890e+02
9.260000e+02	-8.657301e+02
9.270000e+02	-8.675724e+02
9.280000e+02	-8.694159e+02
9.290000e+02	-8.712606e+02
9.300000e+02	-8.731065e+02
9.310000e+02	-8.749533e+02
9.320000e+02	-8.768011e+02
9.330000e+02	-8.786498e+02
9.340000e+02	-8.804993e+02
9.350000e+02	-8.823495e+02
9.360000e+02	-8.842003e+02
9.370000e+02	-8.860517e+02
9.380000e+02	-8.879035e+02
9.390000e+02	-8.897555e+02
9.400000e+02	-8.916078e+02
9.410000e+02	-8.934601e+02
9.420000e+02	-8.953122e+02
9.430000e+02	-8.971642e+02
9.440000e+02	-8.990156e+02
9.450000e+02	-9.008665e+02
9.460000e+02	-9.027166e+02
9.470000e+02	-9.045657e+02
9.480000e+02	-9.064136e+02
9.490000e+02	-9.082600e+02
9.500000e+02	-9.101048e+02
9.510000e+02	-9.119475e+02
9.520000e+02	-9.137880e+02
9.530000e+02	-9.156259e+02
9.540000e+02	-9.174609e+02
9.550000e+02	-9.192926e+02
9.560000e+02	-9.211206e+02
9.570000e+02	-9.229445e+02
9.580000e+02	-9.247639e+02
9.590000e+02	-9.265784e+02
9.600000e+02	-9.283873e+02
9.610000e+02	-9.301901e+02
9.620000e+02	-9.319863e+02
9.630000e+02	-9.337751e+02
9.640000e+02	-9.355560e+02
9.650000e+02	-9.373282e+02
9.660000e+02	-9.390909e+02
9.670000e+02	-9.408432e+02
9.680000e+02	-9.425844e+02
9.690000e+02	-9.443133e+02
9.700000e+02	-9.460289e+02
9.710000e+02	-9.477302e+02
9.720000e+02	-9.494159e+02
9.730000e+02	-9.510848e+02
9.740000e+02	-9.527354e+02
9.750000e+02	-9.543663e+02
9.760000e+02	-9.559758e+02
9.770000e+02	-9.575624e+02
9.780000e+02	-9.591241e+02
9.790000e+02	-9.606590e+02
9.800000e+02	-9.621649e+02
9.810000e+02	-9.636396e+02
9.820000e+02	-9.650807e+02
9.830000e+02	-9.664855e+02
9.840000e+02	-9.678513e+02
9.850000e+02	-9.691750e+02
9.860000e+02	-9.704534e+02
9.870000e+02	-9.716831e+02
9.880000e+02	-9.728603e+02
9.890000e+02	-9.739810e+02
9.900000e+02	-9.750409e+02
9.910000e+02	-9.760355e+02
9.920000e+02	-9.769597e+02
9.930000e+02	-9.778084e+02
9.940000e+02	-9.785758e+02
9.950000e+02	-9.792558e+02
9.960000e+02	-9.798419e+02
9.970000e+02	-9.803270e+02
9.980000e+02	-9.807035e+02
9.990000e+02	-9.809635e+02
1.000000e+03	-9.810981e+02
